1313420235 1129
1313589133 1126
1314038856 1296
1314046764 1307
1314052248 1375
1314208488 1533
1314309449 1639
1314653605 2224
1314822073 2247
1314898227 2107
1315265816 4320
1315273042 4380
1315282995 4380
1315283000 4382
1315286975 4591
1315287041 4592
1315290652 4612
1315290673 4615
1315291909 5535
1315303715 5767
1315591312 5782
1315888665 5882
1315889032 6415
1316096246 6477
1316096429 6477
1316192708 7058
1316192751 8004
1316407592 8004
1316407827 8007
1316438903 8009
1316439184 8030
1316439241 8194
1316439311 8221
1316458282 8263
1316485144 8539
1316490882 8545
1316494159 8512
1316651288 9964
1316714207 10000
1316716645 10157
1316726970 10165
1316771382 10167
1317222061 10692
1317222621 10955
1317224159 10957
1317224848 10963
1317239961 14863
1317241015 14965
1317244005 14965
1317247277 14968
1317250509 14970
1317250904 14971
1317269266 14984
1317269474 14983
1317314718 15041
1317321169 15062
1317321645 15062
1317395454 15091
1317411646 15091
1317685170 35729
1317694016 38310
1317709605 38291
1317710070 38772
1317711110 38760
1317711125 38761
1317711557 38761
1317713280 38764
1317713305 38766
1317716068 38712
1317716085 38769
1317716668 38769
1317718591 38822
1317719033 38826
1317719194 38827
1317719304 38827
1317719379 38827
1317732284 38828
1317732291 38829
1317735756 38848
1317735779 38860
1317736036 38860
1317840656 39049
1317840969 39156
1317871882 39578
1317877932 39185
1317887727 39383
1317929691 39580
1317937811 39578
1317937829 39585
1318006144 39429
1318007182 39443
1318020741 39449
1318020762 39451
1318022070 39451
1318025383 39458
1318026367 39458
1318027131 39474
1318027141 39479
1318033816 39534
1318037223 39552
1318038754 39552
1318038767 39558
1318192656 39563
1318225923 39564
1318226638 39564
1318258773 39564
1318258805 39576
1318258822 39683
1318271048 19588
1318285730 19726
1318292329 19729
1318296980 19732
1318298687 19747
1318303648 19780
1318306123 39709
1318306173 39734
1318309558 39485
1318320379 39510
1318320391 19398
1318320855 19400
1318321142 19401
1318365218 19404
1318367295 19409
1318371244 19409
1318372099 19409
1318395512 19412
1318395610 19412
1318424367 19581
1318424538 19583
1318428052 19892
1318428622 19895
1318428761 19586
1318456671 20239
1318604312 19895
1318604348 19905
1318609390 19982
1318613651 19982
1318615341 19994
1318623637 19994
1318639744 20040
1318689627 20043
1318692579 20083
1318827252 20219
1318827876 20221
1318830848 20237
1318857523 20246
1318951979 20336
1318953620 20354
1318953690 20374
1318954003 20376
1318954007 20527
1319031442 20528
1319031479 20670
1319031555 20672
1319045806 20705
1319046163 20710
1319047260 20712
1319145534 20875
1319145561 22543
1319204273 22548
1319218577 22575
1319295978 22573
1319336561 22596
1319431346 22667
1319431354 22900
1319498077 22964
1319498338 23017
1319499423 23026
1319502240 23035
1319508302 23041
1319513318 23041
1319530288 22998
1319570021 23000
1319570930 23000
1319571089 22999
1319571313 23921
1319647292 24128
1319665313 23924
1319665377 23980
1319672287 24071
1319681943 24375
1319682048 24375
1319724906 24377
1319728417 24382
1319735942 24441
1319736774 24446
1319742430 24452
1319748133 24482
1319837637 24565
1319837822 24704
1319862108 24702
1320013377 24716
1320013396 24813
1320106793 24851
1320115256 26424
1320116865 26427
1320118112 26426
1320118284 26436
1320123883 26491
1320129345 26514
1320129367 26519
1320131275 26539
1320132344 26542
1320156001 26543
1320165665 26556
1320177388 26699
1320177400 26704
1320215716 26704
1320215747 26702
1320215762 26703
1320215783 26705
1320216966 26706
1320218021 26706
1320220725 26711
1320268314 26719
1320268336 27987
1320269228 27984
1320269625 27989
1320270330 27991
1320448166 28139
1320448355 28421
1320635838 28430
1320681300 28438
1320681317 28543
1320691463 28511
1320703501 28545
1320703519 28910
1320705623 28909
1320762546 28915
1320762729 28974
1320771297 28977
1320777711 28978
1320778469 28978
1320781850 28982
1320788142 28982
1320792692 28996
1320847992 29019
1320907675 29092
1320908114 29388
1320941714 29394
1320941739 29526
1320968862 30771
1320968878 30780
1321027906 30777
1321027919 30835
1321031799 30842
1321042302 30847
1321044374 30864
1321045332 30864
1321047819 30873
1321047896 30885
1321050816 30885
1321050841 30893
1321234487 30895
1321234496 31170
1321237010 31171
1321238316 31182
1321241349 31193
1321241393 31193
1321251543 31231
1321260135 31246
1321260153 31246
1321281977 31247
1321298465 31261
1321298542 31257
1321299345 31257
1321321099 31267
1321322771 31283
1321323137 31284
1321323863 31332
1321324081 31334
1321325790 31334
1321365809 31334
1321367782 31334
