1313420235 0 1129 0 0 0 0 0
1313424360 0 1142 0 0 0 0 0
1313424624 0 1157 0 0 0 0 0
1313425496 0 1212 0 0 0 0 0
1313426336 0 1260 0 0 0 0 0
1313427993 0 1260 0 0 0 0 0
1313429566 0 1409 0 0 0 0 0
1313451155 0 1636 0 0 0 0 0
1313504701 0 1697 0 0 0 0 0
1313589133 0 2301 0 0 0 0 0
1313589298 0 2301 0 0 0 0 0
1313674868 0 2301 0 0 0 0 555
1313675391 0 2301 0 0 0 0 555
1313676010 0 2303 0 0 0 0 555
1313677254 0 2306 0 0 0 0 555
1313677477 0 2307 0 0 0 0 555
1313681182 0 2334 0 0 0 0 555
1313682527 0 2384 0 0 0 0 555
1313691079 0 2390 0 0 0 0 555
1313777195 0 2390 136 0 0 0 555
1313777339 0 2390 136 0 0 0 555
1313779155 0 2390 313 0 0 0 555
1313783131 0 2391 313 0 0 0 555
1313783165 0 2401 313 0 0 0 555
1314038856 0 2401 483 0 0 0 555
1314046764 0 2401 496 0 0 0 555
1314052248 0 2401 805 0 0 0 555
1314208488 0 2401 1049 0 0 0 555
1314309449 0 2401 1157 0 0 0 555
1314653605 0 2401 1746 0 0 0 555
1314822073 0 2401 1774 0 0 0 555
1314898227 0 2401 1964 0 0 0 555
1315265816 0 2401 4255 0 0 0 555
1315273042 0 2401 4423 0 0 0 555
1315282995 0 2401 4423 0 1 0 555
1315283000 0 2401 4423 0 4 0 555
1315286975 0 2401 4423 0 362 0 555
1315287041 0 2401 4423 0 363 0 555
1315288275 0 2401 4423 0 411 0 555
1315288327 0 2401 4423 0 424 0 555
1315290652 0 2401 4538 0 424 0 555
1315290673 0 2401 4538 0 424 0 555
1315291909 0 2401 4538 0 424 0 555
1315303715 0 2401 5372 0 424 0 555
1315316602 0 2437 5372 0 424 0 555
1315316629 0 2447 5372 0 424 0 555
1315338143 0 2447 5487 0 424 0 555
1315409661 0 2488 5487 0 424 0 555
1315410385 0 2523 5487 0 424 0 555
1315410975 0 2523 5949 0 424 0 555
1315411586 0 2523 5949 0 424 0 555
1315423024 0 2523 5949 0 424 0 555
1315512491 0 2523 6099 0 424 0 555
1315591312 0 2523 6099 0 439 0 555
1315615540 0 2571 6099 0 439 0 555
1315829697 0 3088 6099 0 439 0 555
1315834668 0 3612 6099 0 439 0 555
1315888665 0 3612 6099 0 439 0 555
1315889032 0 3612 6099 0 439 0 555
1315891925 0 3612 6665 0 439 0 555
1316012143 0 3612 7018 0 439 0 555
1316026392 0 3612 7307 0 439 0 555
1316096246 0 3612 7444 0 439 0 555
1316096429 0 3612 7446 0 439 0 555
1316096902 0 3612 7446 0 439 0 555
1316126875 0 3612 7465 0 439 0 555
1316192708 0 3612 8046 0 439 0 555
1316192751 0 3612 8046 0 439 0 555
1316401295 0 3613 8046 0 439 0 555
1316401333 0 3614 8046 0 439 0 555
1316401371 0 3615 8046 0 439 0 555
1316402349 0 3618 8046 0 439 0 555
1316407592 0 3618 8169 0 439 0 555
1316407827 0 3618 8169 0 439 0 555
1316434867 0 3618 8169 107 439 0 555
1316438903 0 3618 8169 136 439 0 555
1316439184 0 3618 8169 302 439 0 555
1316439241 0 3618 8169 302 439 0 555
1316439311 0 3618 8169 330 439 0 555
1316458282 0 3618 8247 330 439 0 555
1316464804 0 3685 8247 330 439 0 555
1316465050 0 3686 8247 330 439 0 555
1316465581 0 3690 8247 330 439 0 555
1316465613 0 3690 8247 330 439 0 555
1316465618 0 3690 8247 330 439 0 555
1316465701 0 3690 8247 330 439 0 555
1316467123 0 3691 8247 330 439 0 555
1316467699 0 3695 8247 330 439 0 555
1316469127 0 3699 8247 330 439 0 555
1316469234 0 3706 8247 330 439 0 555
1316485144 0 3706 8562 330 439 0 555
1316490882 0 3706 8621 330 439 0 555
1316494159 0 3706 8644 330 439 0 555
1316524588 0 3706 8644 330 439 0 555
1316525451 0 3707 8644 330 439 0 555
1316525494 0 3718 8644 330 439 0 555
1316525652 0 3820 8644 330 439 0 555
1316527001 0 3820 8644 330 439 0 555
1316651288 0 3820 10201 330 439 0 555
1316700129 0 3820 10201 471 439 0 555
1316705392 0 3820 10201 609 439 0 555
1316705466 0 3820 10201 609 439 0 555
1316706146 0 3820 10201 617 439 0 555
1316706390 0 3820 10201 621 439 0 555
1316714207 0 3820 10311 621 439 0 555
1316716645 0 3820 10311 621 439 0 555
1316726970 0 3820 10344 621 439 0 555
1316727497 0 3820 10353 621 439 0 555
1316758225 916 3820 10353 621 439 0 555
1316765547 916 3820 10353 621 439 0 555
1316765565 1238 3820 10353 621 439 0 555
1316768525 1241 3820 10353 621 439 0 555
1316769098 1315 3820 10353 621 439 0 555
1316769110 1316 3820 10353 621 439 0 555
1316770590 3413 3820 10353 621 439 0 555
1316771382 3413 3820 10353 626 439 0 555
1316773569 3413 3820 10353 681 439 0 555
1316783863 3413 3821 10353 681 439 0 555
1316821194 3415 3821 10353 681 439 0 555
1316821208 3423 3821 10353 681 439 0 555
1316821223 3424 3821 10353 681 439 0 555
1316821245 3440 3821 10353 681 439 0 555
1316821253 3440 3821 10353 681 439 0 555
1316821272 3440 3821 10353 681 439 0 555
1316821285 3467 3821 10353 681 439 0 555
1316821316 3467 3821 10353 681 439 0 555
1317006543 3467 3821 10353 681 439 0 555
1317006557 3481 3821 10353 681 439 0 555
1317006575 3548 3821 10353 681 439 0 555
1317006588 3548 3821 10353 681 439 0 555
1317006603 3597 3821 10353 681 439 0 555
1317006612 3597 3821 10353 681 439 0 555
1317010891 3610 3821 10353 681 439 0 555
1317018024 3713 3821 10353 681 439 0 555
1317018044 3713 3821 10353 736 439 0 555
1317019569 3713 3821 10353 763 439 0 555
1317020527 3713 3821 10353 763 439 0 555
1317025013 3713 3821 10353 763 439 0 555
1317025028 3785 3821 10353 763 439 0 555
1317027093 3815 3821 10353 763 439 0 555
1317027111 3817 3821 10353 763 439 0 555
1317027121 3829 3821 10353 763 439 0 555
1317049218 3829 3821 10353 996 439 0 555
1317074083 4154 3821 10353 996 439 0 555
1317074094 4166 3821 10353 996 439 0 555
1317087569 4320 3821 10353 996 439 0 555
1317109145 4992 3821 10353 996 439 0 555
1317109182 5001 3821 10353 996 439 0 555
1317109199 5002 3821 10353 996 439 0 555
1317109235 5002 3821 10353 996 439 0 555
1317109248 5002 3821 10353 996 439 0 555
1317109274 5017 3821 10353 996 439 0 555
1317109298 5105 3821 10353 996 439 0 555
1317109312 5112 3821 10353 996 439 0 555
1317128909 5112 3924 10353 996 439 0 555
1317129276 5112 3924 10353 996 439 0 555
1317129556 5112 3924 10353 996 439 0 555
1317134035 5112 4025 10353 996 439 0 555
1317137451 5112 4025 10353 996 439 0 555
1317137968 5112 4032 10353 996 439 0 555
1317138182 5112 4032 10353 996 439 0 555
1317157627 5115 4032 10353 996 439 0 555
1317157658 5128 4032 10353 996 439 0 555
1317158770 5131 4032 10353 996 439 0 555
1317166760 5289 4032 10353 996 439 0 555
1317170730 5292 4032 10353 996 439 0 555
1317170755 5295 4032 10353 996 439 0 555
1317170815 5295 4032 10353 996 439 0 555
1317170833 5297 4032 10353 996 439 0 555
1317170851 5299 4032 10353 996 439 0 555
1317170869 5300 4032 10353 996 439 0 555
1317170894 5300 4032 10353 996 439 0 555
1317222061 5300 4032 10958 996 439 0 555
1317222621 5300 4032 10958 996 439 0 555
1317224159 5300 4032 10970 996 439 0 555
1317224848 5300 4032 10978 996 439 0 555
1317232456 5300 4032 10978 996 439 0 555
1317232792 5300 4034 10978 996 439 0 555
1317233354 5300 4036 10978 996 439 0 555
1317238170 5300 4037 10978 996 439 0 555
1317239961 5300 4037 10978 996 439 0 555
1317241015 5300 4037 10978 996 439 0 555
1317244005 5300 4037 10984 996 439 0 555
1317246580 5300 4037 10984 996 439 0 555
1317247277 5300 4037 11015 996 439 0 555
1317247326 5300 4037 11015 996 439 0 555
1317250509 5300 4037 11017 996 439 0 555
1317250529 5300 4037 11017 996 439 0 555
1317250904 5300 4037 11018 996 439 0 555
1317250928 5300 4037 11018 996 439 0 555
1317263997 5301 4037 11018 996 439 0 555
1317268116 7994 4037 11018 996 439 0 555
1317269266 7994 4037 11078 996 439 0 555
1317269474 7994 4037 11078 996 439 0 555
1317279010 7999 4037 11078 996 439 0 555
1317279025 8019 4037 11078 996 439 0 555
1317279038 8024 4037 11078 996 439 0 555
1317279054 8024 4037 11078 996 439 0 555
1317279064 8024 4037 11078 996 439 0 555
1317279091 8054 4037 11078 996 439 0 555
1317279106 8055 4037 11078 996 439 0 555
1317279130 8058 4037 11078 996 439 0 555
1317279162 8079 4037 11078 996 439 0 555
1317279194 8080 4037 11078 996 439 0 555
1317314718 8080 4037 11140 996 439 0 555
1317321169 8080 4037 11166 996 439 0 555
1317321645 8080 4037 11167 996 439 0 555
1317324544 8080 4037 11167 996 439 0 555
1317338747 8080 4037 11167 996 439 0 555
1317338764 8129 4037 11167 996 439 0 555
1317338775 8137 4037 11167 996 439 0 555
1317338797 8143 4037 11167 996 439 0 555
1317338809 8162 4037 11167 996 439 0 555
1317338822 8168 4037 11167 996 439 0 555
1317344607 8182 4037 11167 996 439 0 555
1317344841 9833 4037 11167 996 439 0 555
1317344863 9846 4037 11167 996 439 0 555
1317344871 9865 4037 11167 996 439 0 555
1317344952 9896 4037 11167 996 439 0 555
1317350666 9896 4037 11167 996 439 0 555
1317350685 10135 4037 11167 996 439 0 555
1317350695 10137 4037 11167 996 439 0 555
1317350706 10148 4037 11167 996 439 0 555
1317350717 10152 4037 11167 996 439 0 555
1317395454 10152 4037 11203 996 439 0 555
1317411646 10152 4037 11249 996 439 0 555
1317424960 10161 4037 11249 996 439 0 555
1317429244 10162 4037 11249 996 439 0 555
1317429267 10174 4037 11249 996 439 0 555
1317429505 10189 4037 11249 996 439 0 555
1317437363 10205 4037 11249 996 439 0 555
1317437390 10206 4037 11249 996 439 0 555
1317448594 10211 4037 11249 996 439 0 555
1317448606 10219 4037 11249 996 439 0 555
1317448621 10221 4037 11249 996 439 0 555
1317448644 10429 4037 11249 996 439 0 555
1317450875 10438 4037 11249 996 439 0 555
1317451352 10446 4037 11249 996 439 0 555
1317451387 10447 4037 11249 996 439 0 555
1317451399 10448 4037 11249 996 439 0 555
1317451413 10454 4037 11249 996 439 0 555
1317497681 11485 4037 11249 996 439 0 555
1317497697 11590 4037 11249 996 439 0 555
1317499636 11612 4037 11249 996 439 0 555
1317501329 12824 4037 11249 996 439 0 555
1317650368 12824 4037 11249 996 464 0 555
1317651135 12824 4037 11249 996 479 0 555
1317681515 12966 4037 11249 996 479 0 555
1317682798 12973 4037 11249 996 479 0 555
1317685011 12973 4037 11249 996 514 0 555
1317685030 12973 4037 11249 996 514 0 555
1317685170 12973 4037 31918 996 514 0 555
1317689652 12981 4039 31918 996 514 0 555
1317694016 12981 4589 31918 996 514 0 555
1317702371 12981 4589 31918 996 514 0 555
1317703016 12981 4590 31918 996 514 0 555
1317703088 12981 4590 31918 996 514 0 555
1317709605 12981 4590 32038 996 514 0 555
1317710070 12981 4590 32038 996 514 0 555
1317710548 12981 4592 32038 996 514 0 555
1317711110 12981 4592 32057 996 514 0 555
1317711125 12981 4592 32057 996 514 0 555
1317711557 12986 4592 32057 996 514 0 555
1317712222 12986 4594 32057 996 514 0 555
1317713280 12999 4594 32057 996 514 0 555
1317713305 12999 4594 32057 996 514 0 555
1317713367 12999 4599 32057 996 514 0 555
1317713371 12999 4599 32057 996 514 0 555
1317715107 12999 4599 32135 996 514 0 555
1317715119 12999 4599 32135 996 514 0 555
1317716068 13040 4599 32135 996 514 0 555
1317716085 13040 4599 32135 996 514 0 555
1317716668 13041 4599 32135 996 514 0 555
1317718591 13100 4599 32135 996 514 0 555
1317719033 13110 4599 32135 996 514 0 555
1317719194 13112 4599 32135 996 514 0 555
1317719304 13113 4599 32135 996 514 0 555
1317719379 13115 4599 32135 996 514 0 555
1317732107 13115 4600 32135 996 514 0 555
1317732284 13115 4600 32135 996 515 0 555
1317732291 13115 4600 32135 996 515 0 555
1317732973 13115 4613 32135 996 515 0 555
1317733044 13115 4613 32135 996 515 0 555
1317735756 13115 4629 32135 996 537 0 555
1317735779 13115 4629 32135 996 537 0 555
1317736036 13115 4629 32135 996 538 0 555
1317736488 13115 4651 32135 996 538 0 555
1317736495 13115 4651 32135 996 538 0 555
1317737675 13115 4653 32135 996 538 0 555
1317745380 13115 4653 32171 996 538 0 555
1317746013 13115 4653 32184 996 538 0 555
1317757881 13184 4653 32184 996 538 0 555
1317757891 13184 4653 32184 996 538 0 555
1317762130 13184 4655 32184 996 538 0 555
1317762135 13184 4655 32184 996 538 0 555
1317824192 13184 4655 32220 996 538 0 555
1317830274 13184 4655 32225 996 538 0 555
1317830514 13184 4672 32225 996 538 0 555
1317830519 13184 4672 32225 996 538 0 555
1317833028 13184 4672 32241 996 538 0 555
1317833166 13184 4672 32254 996 538 0 555
1317840656 13184 4672 32254 996 784 0 555
1317840969 13184 4672 32254 996 784 0 555
1317877932 13184 4672 32295 996 784 0 555
1317887727 13424 4878 32295 996 784 0 555
1317929691 13429 4878 32295 996 784 0 555
1317936806 13429 4878 32363 996 784 0 555
1317936833 13429 4878 32363 996 784 0 555
1317937811 13429 4878 32363 996 784 0 555
1317937829 13450 4878 32363 996 784 0 555
1317938059 13450 4878 32364 996 784 0 555
1317943786 13450 4878 32380 996 784 0 555
1318000775 13450 4878 32407 996 784 0 555
1318006144 13450 4878 32407 996 784 0 555
1318007182 13486 4878 32407 996 784 0 555
1318011435 13486 4878 32437 996 784 0 555
1318020741 13513 4878 32437 996 784 0 555
1318020762 13519 4878 32437 996 784 0 555
1318022070 13520 4878 32437 996 784 0 555
1318025383 13536 4878 32437 996 784 0 555
1318026367 13537 4878 32437 996 784 0 555
1318027131 13561 4878 32437 996 784 0 555
1318027141 13566 4878 32437 996 784 0 555
1318027965 13566 4878 32495 996 784 0 555
1318032467 13566 4878 32501 996 784 0 555
1318032501 13566 4878 32501 996 784 0 555
1318033816 13566 4878 32501 996 784 0 555
1318037223 13585 4878 32501 996 784 0 555
1318038754 13586 4878 32501 996 784 0 555
1318038767 13595 4878 32501 996 784 0 555
1318192656 13600 4878 32501 996 784 0 555
1318225923 13603 4878 32501 996 784 0 555
1318226638 13604 4878 32501 996 784 0 555
1318227877 13635 4878 32501 996 784 0 555
1318253299 13635 4878 32501 998 784 0 555
1318254104 13635 4878 32501 999 784 0 555
1318254535 13635 4878 32501 1010 784 0 555
1318255246 13635 4878 32501 1032 784 0 555
1318257643 13635 4878 32501 1120 784 0 555
1318257714 13635 4878 32501 1120 784 0 555
1318258773 13635 4878 32502 1120 784 0 555
1318258805 13635 4878 32522 1120 784 0 555
1318258822 13635 4878 32522 1120 784 0 555
1318271664 13635 4878 32522 1120 784 0 555
1318306123 13635 4878 32748 1120 784 0 555
1318306173 13635 4878 32748 1120 784 0 555
1318309558 13635 4878 32766 1120 784 0 555
1318315702 13640 4878 32766 1120 784 0 555
1318316009 13640 4878 32766 1120 784 0 555
1318316782 13641 4878 32766 1120 784 0 555
1318316797 13648 4878 32766 1120 784 0 555
1318318174 13659 4878 32766 1120 784 0 555
1318318517 13674 4878 32766 1120 784 0 555
1318318953 13675 4878 32766 1120 784 0 555
1318318964 13678 4878 32766 1120 784 0 555
1318319259 13680 4878 32766 1120 784 0 555
1318319817 13682 4878 32766 1120 784 0 555
1318319826 13692 4878 32766 1120 784 0 555
1318320379 13692 4878 32803 1120 784 0 555
1318320391 13692 4878 32803 1120 784 0 555
1318320830 13695 4878 32803 1120 784 0 555
1318320855 13695 4878 32803 1120 784 0 555
1318321098 13697 4878 32803 1120 784 0 555
1318321142 13697 4878 32803 1120 784 0 555
1318365218 13697 4878 32806 1120 784 0 555
1318367295 13697 4878 32814 1120 784 0 555
1318371244 13697 4878 32816 1120 784 0 555
1318372099 13697 4878 32817 1120 784 0 555
1318395512 13697 4878 32820 1120 784 0 555
1318395610 13697 4878 32824 1120 784 0 555
1318424341 13697 4878 32824 1291 784 0 555
1318424367 13697 4878 32824 1291 784 0 555
1318424538 13697 4878 32824 1295 784 0 555
1318428761 13697 5370 32824 1295 784 0 555
1318431844 13697 5371 32824 1295 784 0 555
1318450196 13697 5382 32824 1295 784 0 555
1318450861 13697 5385 32824 1295 784 0 555
1318604117 13697 5391 32824 1295 784 0 555
1318604312 13697 5391 32830 1295 784 0 555
1318604326 13697 5396 32830 1295 784 0 555
1318604348 13697 5396 32830 1295 784 0 555
1318609390 13697 5396 32912 1295 784 0 555
1318613651 13697 5396 32915 1295 784 0 555
1318615341 13697 5396 32928 1295 784 0 555
1318623637 13697 5396 32930 1295 784 0 555
1318639744 13697 5396 33033 1295 784 0 555
1318689627 13697 5396 33077 1295 784 0 555
1318692579 13697 5396 33119 1295 784 0 555
1318827252 13697 5396 33261 1295 784 0 555
1318827876 13697 5565 33261 1295 784 0 555
1318830848 13697 5567 33261 1295 784 0 555
1318857523 13697 5588 33261 1295 784 0 555
1318869785 13706 5588 33261 1295 784 0 555
1318870438 13708 5588 33261 1295 784 0 555
1318871584 13708 5588 33292 1295 784 0 555
1318871650 13708 5588 33292 1295 784 0 555
1318872937 13709 5588 33292 1295 784 0 555
1318872948 13709 5588 33292 1295 784 0 555
1318877376 13709 5588 33300 1295 784 0 555
1318908183 13709 5588 33369 1295 784 0 555
1318951979 13709 5688 33369 1295 784 0 555
1318953620 13709 5710 33369 1295 784 0 555
1318953690 13709 5710 33369 1295 784 0 555
1318953790 13709 5710 33472 1295 784 0 555
1318953863 13709 5710 33472 1295 784 0 555
1318954003 13709 5714 33472 1295 784 0 555
1318954007 13709 5714 33472 1295 784 0 555
1319000678 13709 5714 33644 1295 784 0 555
1319000694 13709 5714 33644 1295 784 0 555
1319031442 13709 5715 33644 1295 784 0 555
1319031479 13709 5715 33644 1295 784 0 555
1319031555 13709 5717 33644 1295 784 0 555
1319045806 13709 5717 33719 1295 784 0 555
1319046163 13709 5717 33724 1295 784 0 555
1319047260 13709 5717 33726 1295 784 0 555
1319057101 13709 7370 33726 1295 784 0 555
1319062631 13709 7371 33726 1295 784 0 555
1319062659 13709 7380 33726 1295 784 0 555
1319063837 13709 7397 33726 1295 784 0 555
1319067369 13709 7399 33726 1295 784 0 555
1319069647 13709 7400 33726 1295 784 0 555
1319070718 13709 7406 33726 1295 784 0 555
1319145534 13709 7406 33896 1295 784 0 555
1319145561 13709 7406 33896 1295 784 0 555
1319204273 13709 7406 33906 1295 784 0 555
1319218577 13709 7406 33965 1295 784 0 555
1319295978 13709 7406 34006 1295 784 0 555
1319336561 13709 7693 34053 1295 784 0 555
1319431346 13709 7693 34189 1295 784 0 555
1319431354 13709 7693 34189 1295 784 0 555
1319483205 13711 7693 34189 1295 784 0 555
1319483322 13712 7693 34189 1295 784 0 555
1319483523 13712 7699 34189 1295 784 0 555
1319483610 13712 7699 34189 1295 784 0 555
1319490474 13712 7712 34189 1295 784 0 555
1319490489 13712 7748 34189 1295 784 0 555
1319498077 13712 7748 34341 1295 784 0 555
1319498338 13712 7748 34341 1295 784 0 555
1319499423 13712 7748 34353 1295 784 0 555
1319502240 13712 7748 34362 1295 784 0 555
1319508302 13712 7748 34370 1295 784 0 555
1319513318 13712 7748 34371 1295 784 0 555
1319530288 14484 7748 34448 1295 784 0 555
1319550184 14484 7812 34448 1295 784 0 555
1319551098 14484 7822 34448 1295 784 0 555
1319552317 14484 7829 34448 1295 784 0 555
1319559090 14484 7900 34448 1295 784 0 555
1319570021 14484 7900 34450 1295 784 0 555
1319570621 14484 7950 34450 1295 784 0 555
1319570930 14484 7950 34452 1295 784 0 555
1319571089 14484 7950 34459 1295 784 0 555
1319571313 14484 7950 34459 1295 784 0 555
1319638891 14484 8043 34459 1295 784 0 555
1319665313 14484 8043 34462 1295 784 0 555
1319665377 14484 8043 34523 1295 784 0 555
1319672287 14484 8138 34523 1295 784 0 555
1319681943 14484 8434 34523 1295 784 0 555
1319682048 14484 8435 34523 1295 784 0 555
1319724906 14484 8437 34523 1295 784 0 555
1319728417 14484 8437 34536 1295 784 0 555
1319735942 14484 8437 34611 1295 784 0 555
1319736774 14484 8437 34627 1295 784 0 555
1319742430 14484 8437 34634 1295 784 0 555
1319748133 14484 8437 34667 1295 784 0 555
1319776630 14531 8541 34667 1295 784 0 555
1319809024 14531 8552 34667 1295 784 0 555
1319809140 14531 8554 34667 1295 784 0 555
1319810361 14531 8558 34667 1295 784 0 555
1319814407 14531 8573 34667 1295 784 0 555
1319814441 14531 8593 34667 1295 784 0 555
1319816064 14531 8604 34667 1295 784 0 555
1319816659 14531 8606 34667 1295 784 0 555
1319816766 14531 8607 34667 1295 784 0 555
1319819239 14531 8608 34667 1295 784 0 555
1319825683 14531 8620 34667 1295 784 0 555
1319832364 14531 8669 34667 1295 784 0 555
1319832846 14531 8672 34667 1295 784 0 555
1319834036 14531 8673 34667 1295 784 0 555
1319834909 14531 8674 34667 1295 784 0 555
1319837637 14531 8674 34816 1295 784 0 555
1319837822 14531 8674 34816 1295 784 0 555
1319840745 14532 8674 34816 1295 784 0 555
1319845462 14535 8674 34816 1295 784 0 555
1319845718 14580 8674 34816 1295 784 0 555
1319853874 14654 8674 34816 1295 784 0 555
1319856946 14693 8674 34816 1295 784 0 555
1319862108 14693 8674 34817 1295 784 0 555
1319983029 14693 8781 34817 1295 784 0 555
1319990731 14693 8789 34817 1295 784 0 555
1319991220 14693 8790 34817 1295 784 0 555
1319991547 14693 8791 34817 1295 784 0 555
1320013377 14693 8791 34851 1295 784 0 555
1320013396 14693 8791 34851 1295 784 0 555
1320042230 14715 8791 34851 1295 784 0 555
1320042245 14722 8791 34851 1295 784 0 555
1320042573 14728 8791 34851 1295 784 0 555
1320046532 14728 8791 34851 1295 784 0 555
1320046556 14744 8791 34851 1295 784 0 555
1320046571 14744 8791 34851 1295 784 0 555
1320056870 14929 8791 34851 1295 784 0 555
1320056948 14929 8791 34851 1295 784 0 555
1320057185 14929 8791 34851 1295 784 0 555
1320061189 14929 8791 34851 1295 784 0 555
1320067036 14929 8823 34851 1295 784 0 555
1320092800 14930 8823 34851 1295 784 0 555
1320096103 14930 10070 34851 1295 784 0 555
1320097994 15008 10070 34851 1295 784 0 555
1320106793 15008 10070 34945 1295 784 0 555
1320111064 15024 10070 34945 1295 784 0 555
1320111077 15084 10070 34945 1295 784 0 555
1320111092 15094 10070 34945 1295 784 0 555
1320113158 15123 10070 34945 1295 784 0 555
1320114869 15146 10070 34945 1295 784 0 555
1320115069 15146 10070 34945 1295 784 0 555
1320115256 15146 10070 34945 1295 784 0 555
1320116865 15146 10070 34949 1295 784 0 555
1320117725 15150 10070 34949 1295 784 0 555
1320118112 15150 10070 34949 1295 784 0 555
1320118284 15150 10070 34960 1295 784 0 555
1320122156 15150 10131 34960 1295 784 0 555
1320123883 15150 10131 34960 1295 784 0 555
1320125476 15150 10132 34960 1295 784 0 555
1320125517 15150 10133 34960 1295 784 0 555
1320125569 15150 10135 34960 1295 784 0 555
1320125610 15150 10135 34960 1295 784 0 555
1320127819 15157 10135 34960 1295 784 0 555
1320129345 15157 10135 34994 1295 784 0 555
1320129367 15157 10135 34994 1295 784 0 555
1320131275 15157 10135 35014 1295 784 0 555
1320132344 15157 10135 35021 1295 784 0 555
1320134980 15161 10135 35021 1295 784 0 555
1320135014 15161 10135 35021 1295 784 0 555
1320151736 15161 10137 35021 1295 784 0 555
1320152943 15161 10138 35021 1295 784 0 555
1320152974 15161 10151 35021 1295 784 0 555
1320153491 15161 10152 35021 1295 784 0 555
1320155107 15161 10154 35021 1295 784 0 555
1320156001 15161 10154 35023 1295 784 0 555
1320165665 15161 10154 35023 1295 784 0 555
1320174571 15161 10196 35023 1295 784 0 555
1320174586 15161 10200 35023 1295 784 0 555
1320174616 15161 10201 35023 1295 784 0 555
1320174727 15161 10201 35023 1295 784 0 555
1320177388 15161 10201 35177 1295 784 0 555
1320177400 15161 10201 35177 1295 784 0 555
1320186632 15161 10201 35194 1295 784 0 555
1320215716 15177 10201 35194 1295 784 0 555
1320215747 15181 10201 35194 1295 784 0 555
1320215762 15185 10201 35194 1295 784 0 555
1320215783 15188 10201 35194 1295 784 0 555
1320216966 15190 10201 35194 1295 784 0 555
1320218021 15191 10201 35194 1295 784 0 555
1320220725 15197 10201 35194 1295 784 0 555
1320247875 15197 10219 35194 1295 784 0 555
1320265274 15197 11440 35194 1295 784 0 555
1320267256 15197 11440 35284 1295 784 0 555
1320267335 15197 11440 35284 1295 784 0 555
1320268314 15241 11440 35284 1295 784 0 555
1320268336 15241 11440 35284 1295 784 0 555
1320269228 15298 11440 35284 1295 784 0 555
1320269625 15306 11440 35284 1295 784 0 555
1320270330 15309 11440 35284 1295 784 0 555
1320276507 15309 11470 35284 1295 784 0 555
1320279412 15309 11470 35284 1295 784 0 555
1320280589 15339 11470 35284 1295 784 0 555
1320298017 15340 11470 35284 1295 784 0 555
1320298053 15343 11470 35284 1295 784 0 555
1320298067 15344 11470 35284 1295 784 0 555
1320302099 15377 11470 35284 1295 784 0 555
1320302116 15378 11470 35284 1295 784 0 555
1320302462 15378 11470 35284 1295 784 0 555
1320306242 15381 11470 35284 1295 784 0 555
1320306260 15384 11470 35284 1295 784 0 555
1320306291 15385 11470 35284 1295 784 0 555
1320306313 15391 11470 35284 1295 784 0 555
1320307249 15402 11470 35284 1295 784 0 555
1320307371 15404 11470 35284 1295 784 0 555
1320307637 15405 11470 35284 1295 784 0 555
1320309861 15406 11470 35284 1295 784 0 555
1320310136 15408 11470 35284 1295 784 0 555
1320339101 15408 11470 35284 1295 784 177 555
1320340115 15408 11470 35284 1295 784 177 555
1320340203 15408 11470 35284 1295 784 184 555
1320349709 15411 11470 35284 1295 784 184 555
1320352476 15438 11470 35284 1295 784 184 555
1320352489 15438 11470 35284 1295 784 184 555
1320360133 15445 11470 35284 1295 784 184 555
1320360223 15451 11470 35284 1295 784 184 555
1320361085 15454 11470 35284 1295 784 184 555
1320361109 15456 11470 35284 1295 784 184 555
1320361167 15459 11470 35284 1295 784 184 555
1320387008 15459 11470 35284 1295 784 249 555
1320395673 15459 11470 35284 1295 784 257 555
1320448166 15459 11470 35498 1295 784 257 555
1320448355 15459 11470 35498 1295 784 257 555
1320635838 15459 11470 35525 1295 784 257 555
1320647759 15499 11470 35525 1295 784 257 555
1320656919 15602 11470 35525 1295 784 257 555
1320658059 15623 11470 35525 1295 784 257 555
1320681300 15623 11470 35562 1295 784 257 555
1320681317 15623 11470 35562 1295 784 257 555
1320691463 15623 11470 35562 1295 784 257 555
1320695387 15623 12263 35562 1295 784 257 555
1320695810 15623 12273 35562 1295 784 257 555
1320696426 15623 12291 35562 1295 784 257 555
1320700113 15623 12308 35562 1295 784 257 555
1320703501 15623 12308 35609 1295 784 257 555
1320703519 15623 12308 35609 1295 784 257 555
1320705623 15623 12308 35610 1295 784 257 555
1320714058 15666 12308 35610 1295 784 257 555
1320716551 15666 12311 35610 1295 784 257 555
1320716558 15666 12311 35610 1295 784 257 555
1320720597 15668 12311 35610 1295 784 257 555
1320720646 15668 12311 35610 1295 784 257 555
1320720690 15668 12311 35610 1295 784 257 555
1320721231 15668 12311 35610 1295 784 257 555
1320721634 15668 12311 35610 1295 784 276 555
1320721798 15668 12311 35610 1295 784 277 555
1320724743 15668 12351 35610 1295 784 277 555
1320724924 15668 12351 35610 1295 784 277 555
1320726084 15668 12365 35610 1295 784 277 555
1320726199 15668 12366 35610 1295 784 277 555
1320731540 15718 12366 35610 1295 784 277 555
1320732425 15729 12366 35610 1295 784 277 555
1320732447 15729 12366 35610 1295 784 277 555
1320737937 15729 12366 35610 1295 784 280 555
1320737981 15729 12366 35610 1295 784 293 555
1320762013 15729 12369 35610 1295 784 293 555
1320762016 15729 12369 35610 1295 784 293 555
1320762546 15729 12369 35619 1295 784 293 555
1320762729 15729 12369 35619 1295 784 293 555
1320771297 15729 12369 35624 1295 784 293 555
1320777711 15729 12369 35627 1295 784 293 555
1320778140 15729 12373 35627 1295 784 293 555
1320778292 15729 12377 35627 1295 784 293 555
1320778299 15729 12377 35627 1295 784 293 555
1320778469 15729 12377 35628 1295 784 293 555
1320781850 15735 12377 35628 1295 784 293 555
1320787530 15768 12377 35628 1295 784 293 555
1320788142 15768 12377 35629 1295 784 293 555
1320792692 15768 12377 35647 1295 784 293 555
1320795459 15818 12377 35647 1295 784 293 555
1320800899 15818 12377 35647 1295 784 293 555
1320801865 15820 12377 35647 1295 784 293 555
1320807469 15820 12377 35647 1295 784 293 555
1320809214 15820 12390 35647 1295 784 293 555
1320847992 15820 12658 35647 1295 784 293 555
1320870233 15820 12659 35647 1295 784 293 555
1320871888 15820 12665 35647 1295 784 293 555
1320874097 15820 12701 35647 1295 784 293 555
1320877330 15820 12758 35647 1295 784 293 555
1320879713 15820 12759 35647 1295 784 293 555
1320879763 15820 12761 35647 1295 784 293 555
1320881289 15820 12765 35647 1295 784 293 555
1320882447 15837 12765 35647 1295 784 293 555
1320882463 15837 12765 35647 1295 784 293 555
1320884055 15838 12765 35647 1295 784 293 555
1320900184 15840 12765 35647 1295 784 293 555
1320907675 15840 12765 35774 1295 784 293 555
1320908114 15840 12765 35774 1295 784 293 555
1320909157 15840 12765 35774 1295 784 293 555
1320914839 15844 12765 35774 1295 784 293 555
1320934438 15844 12841 35774 1295 784 293 555
1320936438 15844 12843 35774 1295 784 293 555
1320939321 15844 12910 35774 1295 784 293 555
1320939330 15844 12910 35774 1295 784 293 555
1320939534 15844 12911 35774 1295 784 293 555
1320940237 15844 12914 35774 1295 784 293 555
1320940721 15844 12915 35774 1295 784 293 555
1320941714 15844 12915 35786 1295 784 293 555
1320941739 15844 12915 35786 1295 784 293 555
1320949720 15844 12941 35786 1295 784 293 555
1320949724 15844 12941 35786 1295 784 293 555
1320950916 15844 12952 35786 1295 784 293 555
1320950968 15844 12953 35786 1295 784 293 555
1320968862 15844 12953 37077 1295 784 293 555
1320968878 15844 12953 37077 1295 784 293 555
1320974554 15880 12953 37077 1295 784 293 555
1320975437 15885 12953 37077 1295 784 293 555
1320976605 15887 12953 37077 1295 784 293 555
1320976614 15887 12953 37077 1295 784 293 555
1321002036 15947 12953 37077 1295 784 293 555
1321027906 15947 12953 37082 1295 784 293 555
1321027919 15947 12953 37082 1295 784 293 555
1321031799 15947 12953 37089 1295 784 293 555
1321042302 15962 12953 37089 1295 784 293 555
1321044374 16006 12953 37089 1295 784 293 555
1321045332 16007 12953 37089 1295 784 293 555
1321045921 16007 12953 37107 1295 784 293 555
1321045930 16007 12953 37107 1295 784 293 555
1321047819 16022 12953 37107 1295 784 293 555
1321047896 16022 12953 37107 1295 784 293 555
1321049478 16022 12953 37127 1295 784 293 555
1321049490 16022 12953 37127 1295 784 293 555
1321050816 16022 12953 37127 1295 784 293 555
1321050841 16022 13232 37127 1295 784 293 555
1321234487 16025 13232 37127 1295 784 293 555
1321234496 16025 13232 37127 1295 784 293 555
1321237010 16026 13232 37127 1295 784 293 555
1321238316 16038 13232 37127 1295 784 293 555
1321241349 16068 13232 37127 1295 784 293 555
1321241393 16069 13232 37127 1295 784 293 555
1321251543 16164 13232 37127 1295 784 293 555
1321260135 16179 13232 37127 1295 784 293 555
1321260153 16180 13232 37127 1295 784 293 555
1321281977 16180 13236 37127 1295 784 293 555
1321294389 16183 13236 37127 1295 784 293 555
1321294424 16186 13240 37127 1295 784 293 555
1321294720 16186 13240 37127 1295 784 293 555
1321298465 16186 13260 37127 1295 784 293 555
1321298542 16186 13260 37127 1295 784 293 555
1321298926 16192 13260 37127 1295 784 293 555
1321299345 16192 13263 37127 1295 784 293 555
1321301344 16201 13263 37127 1295 784 293 555
1321301575 16202 13263 37127 1295 784 293 555
1321301764 16202 13263 37156 1295 784 293 555
1321301773 16202 13263 37156 1295 784 293 555
1321309535 16231 13263 37156 1295 784 293 555
1321311373 16232 13263 37156 1295 784 293 555
1321311423 16235 13263 37156 1295 784 293 555
1321311518 16238 13263 37156 1295 784 293 555
1321311689 16240 13263 37156 1295 784 293 555
1321315088 16259 13263 37156 1295 784 293 555
1321315984 16264 13263 37156 1295 784 293 555
1321321099 16264 13263 37156 1295 784 293 555
1321322771 16264 13284 37156 1295 784 293 555
1321323137 16264 13286 37156 1295 784 293 555
1321323863 16264 13286 37156 1295 784 293 555
1321324081 16264 13290 37156 1295 784 293 555
1321325790 16264 13291 37156 1295 784 293 555
1321365809 16264 13291 37156 1295 785 293 555
1321367782 16264 13291 37156 1295 786 293 555
